1	0.414464	0.110085	0.0872263
2	0.429231	0.463577	0.398319
3	0.400034	0.605637	0.638067
4	0.349862	0.71876	0.650847
5	0.344031	0.746351	0.670234
6	0.367019	0.725337	0.749767
7	0.310093	0.798027	0.698803
8	0.356615	0.759192	0.736987
9	0.352966	0.77695	0.754358
10	0.435439	0.704322	0.773311
11	0.409892	0.794707	0.704541
12	0.311184	0.73658	0.759383
13	0.332536	0.728594	0.776041
14	0.334172	0.749483	0.771729
15	0.281441	0.728469	0.795273
16	0.274142	0.71876	0.762826
17	0.318483	0.802819	0.713444
18	0.29604	0.73658	0.725789
19	0.352421	0.785061	0.718469
20	0.387994	0.709051	0.707984
21	0.273051	0.746289	0.702246
22	0.329432	0.73824	0.784509
23	0.357161	0.739775	0.716887
24	0.350407	0.755872	0.753924
25	0.413541	0.675196	0.720764
26	0.352421	0.705919	0.729667
27	0.295495	0.733386	0.712296
28	0.269947	0.767241	0.755506
29	0.394748	0.862543	0.637353
30	0.393657	0.788318	0.733544
31	0.396761	0.767366	0.713878
32	0.400411	0.760915	0.696507
33	0.397852	0.785061	0.696073
34	0.333627	0.746289	0.769434
35	0.351875	0.702725	0.760965
36	0.356615	0.691356	0.759383
37	0.29969	0.718822	0.786804
38	0.338367	0.746226	0.734258
39	0.340926	0.767303	0.701098
40	0.375409	0.786658	0.708419
41	0.379604	0.760789	0.782927
42	0.341472	0.815722	0.714591
43	0.344576	0.828688	0.694925
44	0.340926	0.778609	0.723494
45	0.363369	0.799624	0.744742
46	0.348226	0.81093	0.69995
47	0.370123	0.862668	0.640517
48	0.311729	0.80761	0.683293
49	0.345667	0.789853	0.766704
50	0.352421	0.830285	0.729667
51	0.314288	0.783464	0.739717
52	0.367564	0.807673	0.696073
53	0.326873	0.75108	0.750481
54	0.329432	0.726934	0.795707
55	0.323223	0.689696	0.801445
56	0.380149	0.741372	0.751629
57	0.340381	0.741497	0.777188
58	0.391098	0.755935	0.7891
59	0.344576	0.73824	0.750915
60	0.352966	0.743032	0.720764
61	0.375409	0.80927	0.697221
62	0.36081	0.789853	0.688318
63	0.375954	0.767241	0.67712
64	0.395293	0.741372	0.718035
65	0.375954	0.823771	0.654724
66	0.353511	0.79145	0.700664
67	0.356615	0.759192	0.759383
68	0.345121	0.820576	0.674825
69	0.291845	0.796367	0.707271
70	0.329977	0.775352	0.75321
71	0.365005	0.741372	0.751629
72	0.410982	0.744566	0.731528
73	0.356615	0.759192	0.748185
74	0.327418	0.776887	0.73038
75	0.409346	0.791513	0.702246
76	0.395293	0.730066	0.762826
77	0.371759	0.759192	0.770581
78	0.420841	0.741434	0.775606
79	0.394203	0.768901	0.780632
80	0.391098	0.801159	0.744308
81	0.435985	0.786658	0.719617
82	0.391098	0.755935	0.766704
83	0.41975	0.757657	0.715026
84	0.374318	0.746351	0.681432
85	0.348226	0.765706	0.733544
86	0.385813	0.820639	0.676407
87	0.344576	0.79477	0.717321
88	0.412996	0.762449	0.696073
89	0.406242	0.767241	0.699516
90	0.378513	0.7544	0.677554
91	0.323223	0.746226	0.72306
92	0.353511	0.757532	0.700664
93	0.387449	0.75108	0.672095
94	0.420295	0.806076	0.717321
95	0.383799	0.780144	0.756654
96	0.417736	0.773692	0.716887
97	0.42449	0.768901	0.691048
98	0.342017	0.75108	0.705689
99	0.355525	0.707579	0.721199
100	0.466272	0.707516	0.697221
101	0.397307	0.725337	0.704975
102	0.382708	0.717225	0.696073
103	0.348226	0.777012	0.688752
104	0.321587	0.815785	0.727371
105	0.296585	0.739775	0.784075
106	0.276701	0.773755	0.718469
107	0.333082	0.788318	0.733544
108	0.345667	0.767241	0.777902
109	0.291845	0.773755	0.740865
110	0.389462	0.780269	0.681432
111	0.345121	0.718822	0.775606
112	0.318483	0.689759	0.73584
113	0.307534	0.754338	0.664774
114	0.362279	0.815847	0.684162
115	0.393657	0.799624	0.688752
116	0.36081	0.778547	0.73311
117	0.384344	0.772033	0.702959
118	0.398943	0.746226	0.756654
119	0.383799	0.780144	0.745456
120	0.314833	0.831882	0.708419
121	0.348771	0.825431	0.724642
122	0.357161	0.773692	0.761679
123	0.348771	0.757595	0.747038
124	0.425036	0.783401	0.704541
125	0.406242	0.744629	0.766704
126	0.371759	0.79311	0.770581
127	0.330523	0.710711	0.833892
128	0.327418	0.663827	0.808766
129	0.342562	0.686439	0.775172
130	0.338367	0.79145	0.689466
131	0.306989	0.705919	0.752063
132	0.323223	0.746226	0.734258
133	0.3692	0.783339	0.680563
134	0.326328	0.804416	0.658602
135	0.362824	0.819042	0.664061
136	0.366474	0.81259	0.691482
137	0.372305	0.728469	0.772877
138	0.383254	0.72042	0.776754
139	0.414087	0.746226	0.72306
140	0.411528	0.759067	0.745021
141	0.402047	0.804416	0.725789
142	0.378513	0.788318	0.711148
143	0.379604	0.806013	0.726937
144	0.315379	0.733323	0.744308
145	0.391644	0.759129	0.735405
146	0.443284	0.762449	0.740865
147	0.409346	0.814125	0.702246
148	0.326328	0.759192	0.692196
149	0.322133	0.807673	0.707271
150	0.374864	0.806076	0.717321
151	0.379059	0.768901	0.758236
152	0.345667	0.733323	0.755506
153	0.372305	0.796304	0.705689
154	0.413541	0.731726	0.731962
155	0.345121	0.797964	0.697221
156	0.394203	0.757595	0.691048
157	0.386903	0.759192	0.759383
158	0.425036	0.783401	0.704541
159	0.342017	0.773692	0.705689
160	0.395293	0.71876	0.706837
161	0.390553	0.730128	0.719617
162	0.393657	0.743094	0.711148
163	0.374864	0.760852	0.706123
164	0.374864	0.79477	0.683727
165	0.400956	0.775415	0.665209
166	0.386903	0.815722	0.680998
167	0.375409	0.764046	0.764408
168	0.368655	0.814062	0.72306
169	0.311729	0.717163	0.784075
170	0.379059	0.723677	0.780632
171	0.333627	0.723677	0.780632
172	0.352421	0.751143	0.740865
173	0.394203	0.723677	0.769434
174	0.375409	0.730128	0.775606
175	0.416646	0.744692	0.757088
176	0.371759	0.747886	0.770581
177	0.348771	0.780207	0.724642
178	0.352966	0.77695	0.720764
179	0.345667	0.755935	0.744308
180	0.367019	0.759255	0.716173
181	0.357161	0.728469	0.761679
182	0.330523	0.755935	0.777902
183	0.391098	0.812465	0.721912
184	0.387449	0.784998	0.705689
185	0.379059	0.802819	0.713444
186	0.379059	0.791513	0.668652
187	0.401502	0.767303	0.712296
188	0.420295	0.749546	0.683727
189	0.421386	0.755935	0.721912
190	0.387994	0.776887	0.707984
191	0.393657	0.777012	0.711148
192	0.306989	0.728531	0.752063
193	0.35607	0.778609	0.74589
194	0.375409	0.797964	0.730815
195	0.36446	0.806013	0.693343
196	0.394748	0.828625	0.682145
197	0.338367	0.802756	0.700664
198	0.382163	0.770561	0.704975
199	0.372305	0.784998	0.716887
200	0.356615	0.815722	0.714591
201	0.367564	0.773755	0.718469
